# oST version 5.0 parameters


[image]

width
640

height
480

[narrow_stereo/left]

camera matrix
449.563208 0.000000 313.400578
0.000000 450.316965 242.325919
0.000000 0.000000 1.000000

distortion
-0.022368 0.028507 -0.002649 -0.003014 0.000000

rectification
0.977340 -0.007999 0.211522
0.008622 0.999961 -0.002026
-0.211498 0.003804 0.977371

projection
538.784527 0.000000 161.955271 0.000000
0.000000 538.784527 230.658319 0.000000
0.000000 0.000000 1.000000 0.000000
# oST version 5.0 parameters


[image]

width
640

height
480

[narrow_stereo/right]

camera matrix
462.210703 0.000000 299.813906
0.000000 460.940316 223.646445
0.000000 0.000000 1.000000

distortion
-0.006540 0.020252 -0.002126 -0.007280 0.000000

rectification
0.983119 -0.007942 0.182793
0.007404 0.999966 0.003627
-0.182816 -0.002212 0.983145

projection
538.784527 0.000000 161.955271 23.609627
0.000000 538.784527 230.658319 0.000000
0.000000 0.000000 1.000000 0.000000
